,Date,PX_LAST,contract_name,BTC Price,log return future,log return bitcoin
320,2020-02-21 21:00:00+00:00,9885.0,BTCH20 Curncy,9699.65125049186,0.0127260561975791,0.0120577731196532
321,2020-02-20 21:00:00+00:00,9760.0,BTCH20 Curncy,9583.397346481555,-0.0630325208849751,-0.0578762167054392
322,2020-02-19 21:00:00+00:00,10395.0,BTCH20 Curncy,10154.412853441643,-0.001922153402959,-0.0006134131600916
323,2020-02-18 21:00:00+00:00,10415.0,BTCH20 Curncy,10160.643614739063,-0.0246574844017529,-0.019159521060838
324,2020-02-14 21:00:00+00:00,10675.0,BTCH20 Curncy,10357.193569016548,0.0174821367064824,0.01280851242193
325,2020-02-13 21:00:00+00:00,10490.0,BTCH20 Curncy,10225.37930097003,-0.0226211342344013,-0.0149016504796553
326,2020-02-12 21:00:00+00:00,10730.0,BTCH20 Curncy,10378.895309493186,0.0136056520557786,0.0112447493635616
327,2020-02-11 21:00:00+00:00,10585.0,BTCH20 Curncy,10262.840956986423,0.0469024807396147,0.0408893457396226
328,2020-02-10 21:00:00+00:00,10100.0,BTCH20 Curncy,9851.66377479394,0.0119523335238411,0.0117424849734428
329,2020-02-07 21:00:00+00:00,9980.0,BTCH20 Curncy,9736.6573132565,-0.0044988828692602,-0.0046555712879538
330,2020-02-06 21:00:00+00:00,10025.0,BTCH20 Curncy,9782.092697254193,0.0085149525241501,0.0110897947332134
331,2020-02-05 21:00:00+00:00,9940.0,BTCH20 Curncy,9674.21059798983,0.0601217301789819,0.0500786661137257
332,2020-02-04 21:00:00+00:00,9360.0,BTCH20 Curncy,9201.66989154206,-0.0158985860677982,-0.012177746494474
333,2020-02-03 21:00:00+00:00,9510.0,BTCH20 Curncy,9314.410565218936,-0.0026253624950834,-0.0002640642892005
334,2020-01-31 21:00:00+00:00,9535.0,BTCH20 Curncy,9316.870493199434,-0.0202446571455313,-0.026688725153864
335,2020-01-30 21:00:00+00:00,9730.0,BTCG20 Curncy,9568.873753902946,0.0212939751851489,0.0194420971433454
336,2020-01-29 21:00:00+00:00,9525.0,BTCG20 Curncy,9384.631611162027,0.0374375270721305,0.0359319866654631
337,2020-01-28 21:00:00+00:00,9175.0,BTCG20 Curncy,9053.409523253718,0.0109590137897193,0.0078546062745242
338,2020-01-27 21:00:00+00:00,9075.0,BTCG20 Curncy,8982.577100568238,0.0601770635833603,0.0574689772642657
339,2020-01-24 21:00:00+00:00,8545.0,BTCG20 Curncy,8480.91076970285,0.0135495445537901,0.0132375913149254
340,2020-01-23 21:00:00+00:00,8430.0,BTCG20 Curncy,8369.383742164933,-0.03611341765368,-0.0338324343142176
341,2020-01-22 21:00:00+00:00,8740.0,BTCG20 Curncy,8657.384785276849,-0.0062731885220773,-0.0069894274232425
342,2020-01-21 21:00:00+00:00,8795.0,BTCG20 Curncy,8718.10690714046,-0.0224854892129749,-0.017949305152952
343,2020-01-17 21:00:00+00:00,8995.0,BTCG20 Curncy,8876.003698002969,0.0162514083826582,0.0153247861307189
344,2020-01-16 21:00:00+00:00,8850.0,BTCG20 Curncy,8741.01779643746,-0.0112360732669258,-0.0084164957322456
345,2020-01-15 21:00:00+00:00,8950.0,BTCG20 Curncy,8814.897001305844,0.0134985176708953,0.0145090513150822
346,2020-01-14 21:00:00+00:00,8830.0,BTCG20 Curncy,8687.924560638772,0.0667304270829819,0.0632388570955578
347,2020-01-13 21:00:00+00:00,8260.0,BTCG20 Curncy,8155.521829192582,0.009732436918231,0.0100366231001425
348,2020-01-10 21:00:00+00:00,8180.0,BTCG20 Curncy,8074.077327972535,0.0304087966362832,0.0322457645668761
349,2020-01-09 21:00:00+00:00,7935.0,BTCG20 Curncy,7817.875443465515,-0.0279608149976432,-0.0287025196872594
350,2020-01-08 21:00:00+00:00,8160.0,BTCG20 Curncy,8045.519518356527,-0.0188169436688753,-0.0147785321742166
351,2020-01-07 21:00:00+00:00,8315.0,BTCG20 Curncy,8165.303422447971,0.0827020835352438,0.078411228239526
352,2020-01-06 21:00:00+00:00,7655.0,BTCG20 Curncy,7549.509987565826,0.0318540535197516,0.0315821949518217
353,2020-01-03 21:00:00+00:00,7415.0,BTCG20 Curncy,7314.805638801276,0.0597399828809702,0.0514249785995266
354,2020-01-02 21:00:00+00:00,6985.0,BTCG20 Curncy,6948.150334914017,-0.0358562136886998,-0.02980416057178
355,2019-12-31 21:00:00+00:00,7240.0,BTCG20 Curncy,7158.350990556435,-0.0123543095009351,-0.0139955980819231
356,2019-12-30 21:00:00+00:00,7330.0,BTCG20 Curncy,7259.240753410683,0.002732242136873,0.0059623361921271
357,2019-12-27 21:00:00+00:00,7310.0,BTCG20 Curncy,7216.087494497458,0.0013689256073417,-0.0054653715622
358,2019-12-26 21:00:00+00:00,7300.0,BTCF20 Curncy,7255.634063788929,0.0034305350967892,0.0051321382359607
359,2019-12-24 21:00:00+00:00,7275.0,BTCF20 Curncy,7218.492536033423,-0.0244411351591455,-0.0258258496495304
360,2019-12-23 21:00:00+00:00,7455.0,BTCF20 Curncy,7407.344372029801,0.0278834793501184,0.0274204314905525
361,2019-12-20 21:00:00+00:00,7250.0,BTCF20 Curncy,7206.991231238819,0.008310297133628,0.0077987333088098
362,2019-12-19 21:00:00+00:00,7190.0,BTCF20 Curncy,7151.004425511427,0.0041811907604011,0.0050342238275053
363,2019-12-18 21:00:00+00:00,7160.0,BTCF20 Curncy,7115.095132190582,0.0806830429982655,0.0769339364090514
364,2019-12-17 21:00:00+00:00,6605.0,BTCF20 Curncy,6588.229618070278,-0.0415181942063295,-0.0400616049227706
365,2019-12-16 21:00:00+00:00,6885.0,BTCF20 Curncy,6857.522813491818,-0.0578440497941308,-0.0565675715813001
366,2019-12-13 21:00:00+00:00,7295.0,BTCF20 Curncy,7256.617725123807,-0.0013698632279138,0.0006396598647952
367,2019-12-12 21:00:00+00:00,7305.0,BTCF20 Curncy,7251.977442270454,0.0117040922979279,0.0083138571800384
368,2019-12-11 21:00:00+00:00,7220.0,BTCF20 Curncy,7191.935473561332,-0.0075888601528213,-0.0021650116757747
369,2019-12-10 21:00:00+00:00,7275.0,BTCF20 Curncy,7207.522965295239,-0.0143298255548249,-0.0134895458165436
370,2019-12-09 21:00:00+00:00,7380.0,BTCF20 Curncy,7305.407903920091,-0.0187924993493672,-0.0169514628050537
371,2019-12-06 21:00:00+00:00,7520.0,BTCF20 Curncy,7430.30082243812,0.0066711388170226,0.006627126103716
372,2019-12-05 21:00:00+00:00,7470.0,BTCF20 Curncy,7381.2220870067695,0.0278267021224796,0.0249389560042757
373,2019-12-04 21:00:00+00:00,7265.0,BTCF20 Curncy,7199.4185322006815,-0.0190871506975158,-0.0153525952062088
374,2019-12-03 21:00:00+00:00,7405.0,BTCF20 Curncy,7310.801108699567,0.0006754475096379,0.0020120138798279
375,2019-12-02 21:00:00+00:00,7400.0,BTCF20 Curncy,7296.106463268722,-0.0596702714974603,-0.0580156890757479
376,2019-11-29 21:00:00+00:00,7855.0,BTCF20 Curncy,7731.914735068981,0.029717949214109,0.0229426174479209
377,2019-11-27 21:00:00+00:00,7625.0,BTCZ19 Curncy,7556.543799644138,0.067822596338761,0.0614256995629438
378,2019-11-26 21:00:00+00:00,7125.0,BTCZ19 Curncy,7106.346206618402,-0.0090814455782411,-0.0077547298595014
379,2019-11-25 21:00:00+00:00,7190.0,BTCZ19 Curncy,7161.66822816897,-0.0226891823204454,-0.0213124933044349
380,2019-11-22 21:00:00+00:00,7355.0,BTCZ19 Curncy,7315.939346008212,-0.0347396322937242,-0.0376775130102944
381,2019-11-21 21:00:00+00:00,7615.0,BTCZ19 Curncy,7596.84441798556,-0.0678979409056461,-0.0636959963949253
382,2019-11-20 21:00:00+00:00,8150.0,BTCZ19 Curncy,8096.476356418655,0.0,-0.0023280064393957
383,2019-11-19 21:00:00+00:00,8150.0,BTCZ19 Curncy,8115.34696243636,-0.0134066602801153,-0.0118616460701615
384,2019-11-18 21:00:00+00:00,8260.0,BTCZ19 Curncy,8212.181509029384,-0.0339217290346675,-0.031204224619969
385,2019-11-15 21:00:00+00:00,8545.0,BTCZ19 Curncy,8472.476293428277,-0.0225638730998898,-0.0224306253041365
386,2019-11-14 21:00:00+00:00,8740.0,BTCZ19 Curncy,8664.666651477646,-0.012507269352394,-0.0108348606702708
387,2019-11-13 21:00:00+00:00,8850.0,BTCZ19 Curncy,8759.057540053738,-0.004509590505975,-0.0039872491347877
388,2019-11-12 21:00:00+00:00,8890.0,BTCZ19 Curncy,8794.051803713615,0.0096073075776436,0.0081036602818762
389,2019-11-11 21:00:00+00:00,8805.0,BTCZ19 Curncy,8723.0757666532,-0.0118544995345484,-0.0098322348528664
390,2019-11-08 21:00:00+00:00,8910.0,BTCZ19 Curncy,8809.266123792559,-0.0433776486114961,-0.042374823737094
391,2019-11-07 21:00:00+00:00,9305.0,BTCZ19 Curncy,9190.57920406812,-0.0149336108592588,-0.0111398145558315
392,2019-11-06 21:00:00+00:00,9445.0,BTCZ19 Curncy,9293.532930097988,-0.0073839997946399,-0.0061940740126588
393,2019-11-05 21:00:00+00:00,9515.0,BTCZ19 Curncy,9351.276409982102,-0.0140884146027817,-0.0109118788660312
394,2019-11-04 21:00:00+00:00,9650.0,BTCZ19 Curncy,9453.875159949945,0.0342589498210153,0.029689962931572
395,2019-11-01 20:00:00+00:00,9325.0,BTCZ19 Curncy,9177.315790752506,0.0021470754356652,-0.0039447287133121
396,2019-10-31 20:00:00+00:00,9305.0,BTCX19 Curncy,9213.589309421408,0.0037685105164502,0.001103592134802
397,2019-10-30 20:00:00+00:00,9270.0,BTCX19 Curncy,9203.42687334991,-0.004842624475788,-0.002930539324813
398,2019-10-29 20:00:00+00:00,9315.0,BTCX19 Curncy,9230.43743615285,-0.0228187136125589,-0.0180211197353666
399,2019-10-28 20:00:00+00:00,9530.0,BTCX19 Curncy,9398.288140635586,0.0893990386941265,0.0838164980500813
400,2019-10-25 20:00:00+00:00,8715.0,BTCX19 Curncy,8642.665670788385,0.1501426584297194,0.1441417582375679
401,2019-10-24 20:00:00+00:00,7500.0,BTCX19 Curncy,7482.517531224119,-0.0006664445431605,-0.0002743649621705
402,2019-10-23 20:00:00+00:00,7505.0,BTCX19 Curncy,7484.570753516762,-0.0922165496035531,-0.0874669135497206
403,2019-10-22 20:00:00+00:00,8230.0,BTCX19 Curncy,8168.706573626684,-0.0024271856576111,-0.0019104520050873
404,2019-10-21 20:00:00+00:00,8250.0,BTCX19 Curncy,8184.327412159274,0.0320224405684062,0.0298511089635452
405,2019-10-18 20:00:00+00:00,7990.0,BTCX19 Curncy,7943.626628985651,-0.0142903954094561,-0.0145093486155817
406,2019-10-17 20:00:00+00:00,8105.0,BTCX19 Curncy,8059.723686625071,0.0142903954094561,0.0129063065090318
407,2019-10-16 20:00:00+00:00,7990.0,BTCX19 Curncy,7956.370808950068,-0.0295952549107951,-0.0269930173460007
408,2019-10-15 20:00:00+00:00,8230.0,BTCX19 Curncy,8174.062119115778,-0.0222298129537908,-0.0189807055598268
409,2019-10-14 20:00:00+00:00,8415.0,BTCX19 Curncy,8330.69336884605,0.0,-0.0017533518812053
410,2019-10-11 20:00:00+00:00,8415.0,BTCX19 Curncy,8345.312818510536,-0.0275434933010185,-0.0261127667517757
411,2019-10-10 20:00:00+00:00,8650.0,BTCX19 Curncy,8566.102190514393,-0.0040380787492802,-0.002188103279662
412,2019-10-09 20:00:00+00:00,8685.0,BTCX19 Curncy,8584.866228150993,0.0544191030416326,0.0495507126514131
413,2019-10-08 20:00:00+00:00,8225.0,BTCX19 Curncy,8169.84714612672,-0.007871672495768,-0.0061183060127374
414,2019-10-07 20:00:00+00:00,8290.0,BTCX19 Curncy,8219.9859970539,0.0042308917751122,0.0033502085489312
415,2019-10-04 20:00:00+00:00,8255.0,BTCX19 Curncy,8192.493408361805,0.0060753528300371,0.0040873609069793
416,2019-10-03 20:00:00+00:00,8205.0,BTCX19 Curncy,8159.076071954938,-0.013918530291063,-0.0135017721138812
417,2019-10-02 20:00:00+00:00,8320.0,BTCX19 Curncy,8269.985107129338,-0.0059916296682667,-0.0041604257005848
418,2019-10-01 20:00:00+00:00,8370.0,BTCX19 Curncy,8304.463438247429,0.0005975500625965,0.0039558756548665
419,2019-09-30 20:00:00+00:00,8365.0,BTCX19 Curncy,8271.676905983959,0.0346644619057832,0.0338222353480543
420,2019-09-27 20:00:00+00:00,8080.0,BTCX19 Curncy,7996.588577337735,-0.0123002780816516,-0.0168373597070876
421,2019-09-26 20:00:00+00:00,8180.0,BTCV19 Curncy,8132.36990741071,-0.0271346162459232,-0.0265178336180621
422,2019-09-25 20:00:00+00:00,8405.0,BTCV19 Curncy,8350.907505294757,-0.0029700051531852,-0.0126966941464218
423,2019-09-24 20:00:00+00:00,8430.0,BTCV19 Curncy,8457.61238992442,-0.1622519899579952,-0.1478201983363364
424,2019-09-23 20:00:00+00:00,9915.0,BTCV19 Curncy,9804.947534178058,-0.035664998410539,-0.0355434588744894
425,2019-09-20 20:00:00+00:00,10275.0,BTCV19 Curncy,10159.716798345453,0.0043891804187631,0.0052223434339186
426,2019-09-19 20:00:00+00:00,10230.0,BTCV19 Curncy,10106.797569498343,-0.0068193152720549,-0.0065234980155769
427,2019-09-18 20:00:00+00:00,10300.0,BTCV19 Curncy,10172.944764354012,-0.0086999098755459,-0.0082203557409766
428,2019-09-17 20:00:00+00:00,10390.0,BTCV19 Curncy,10256.91464755642,0.0145421854997743,0.0132873555819681
429,2019-09-16 20:00:00+00:00,10240.0,BTCV19 Curncy,10121.528827129923,-0.0121331262763811,-0.0088853908728214
430,2019-09-13 20:00:00+00:00,10365.0,BTCV19 Curncy,10211.863301219224,-0.0115109184661403,-0.0091660997730295
431,2019-09-12 20:00:00+00:00,10485.0,BTCV19 Curncy,10305.896559853933,0.026578032177309,0.022501744208034
432,2019-09-11 20:00:00+00:00,10210.0,BTCV19 Curncy,10076.585536106955,0.0058939266887777,0.0055542773150737
433,2019-09-10 20:00:00+00:00,10150.0,BTCV19 Curncy,10020.772529594184,-0.0291282729230237,-0.0287035426923979
434,2019-09-09 20:00:00+00:00,10450.0,BTCV19 Curncy,10312.5720070584,-0.0095238815112554,-0.0066101973824015
435,2019-09-06 20:00:00+00:00,10550.0,BTCV19 Curncy,10380.965943216584,-0.0136504826122934,-0.0145959692153674
436,2019-09-05 20:00:00+00:00,10695.0,BTCV19 Curncy,10533.597394796943,-0.0203616474675382,-0.0158926960659719
437,2019-09-04 20:00:00+00:00,10915.0,BTCV19 Curncy,10702.342008354968,0.005512186671652,0.0050071585185446
438,2019-09-03 20:00:00+00:00,10855.0,BTCV19 Curncy,10648.88762436888,0.11301551463564,0.1063004482664623
439,2019-08-30 20:00:00+00:00,9695.0,BTCV19 Curncy,9574.994781158,0.0129770832297522,0.0069541281333226
440,2019-08-29 20:00:00+00:00,9570.0,BTCU19 Curncy,9508.64002771167,-0.0181211274946612,-0.0181176639700944
441,2019-08-28 20:00:00+00:00,9745.0,BTCU19 Curncy,9682.484444570722,-0.0553895622760659,-0.0483429659895371
442,2019-08-27 20:00:00+00:00,10300.0,BTCU19 Curncy,10162.063194347018,-0.0163701296468554,-0.0156066178003728
443,2019-08-26 20:00:00+00:00,10470.0,BTCU19 Curncy,10321.90266315187,-0.0076118350396299,-0.0079523329361737
444,2019-08-23 20:00:00+00:00,10550.0,BTCU19 Curncy,10404.313113031603,0.0264120995397772,0.0231975674498064
445,2019-08-22 20:00:00+00:00,10275.0,BTCU19 Curncy,10165.736257796148,0.006346128205724,0.0059229038233185
446,2019-08-21 20:00:00+00:00,10210.0,BTCU19 Curncy,10105.703539156872,-0.0603365121022635,-0.0604583275745437
447,2019-08-20 20:00:00+00:00,10845.0,BTCU19 Curncy,10735.524605981402,0.0013840832659385,0.0044781006066131
448,2019-08-19 20:00:00+00:00,10830.0,BTCU19 Curncy,10687.557328038103,0.0191103462024187,0.0216691929848619
449,2019-08-16 20:00:00+00:00,10625.0,BTCU19 Curncy,10458.457751706488,0.0369080951991188,0.0342296337526419
450,2019-08-15 20:00:00+00:00,10240.0,BTCU19 Curncy,10106.526179234672,-0.0019512201312618,-0.0027980506030111
451,2019-08-14 20:00:00+00:00,10260.0,BTCU19 Curncy,10134.844350267143,-0.0777909616196521,-0.0749933010525974
452,2019-08-13 20:00:00+00:00,11090.0,BTCU19 Curncy,10924.114916519246,-0.0526899741217013,-0.0463853439434037
453,2019-08-12 20:00:00+00:00,11690.0,BTCU19 Curncy,11442.769743997827,-0.0336448891427242,-0.0333377191404543
454,2019-08-09 20:00:00+00:00,12090.0,BTCU19 Curncy,11830.67561032788,0.0221627302487045,0.0185025402107858
455,2019-08-08 20:00:00+00:00,11825.0,BTCU19 Curncy,11613.79070734797,-0.0180185055026783,-0.014597162485662
456,2019-08-07 20:00:00+00:00,12040.0,BTCU19 Curncy,11784.562456577594,0.0058309203107931,0.0068990398416964
457,2019-08-06 20:00:00+00:00,11970.0,BTCU19 Curncy,11703.540100271304,-0.0083195155395583,-0.0040771119011418
458,2019-08-05 20:00:00+00:00,12070.0,BTCU19 Curncy,11751.354148277936,0.1200121130677939,0.1169710001097426
459,2019-08-02 20:00:00+00:00,10705.0,BTCU19 Curncy,10454.133814264944,0.0174327147320823,0.0159194292670174
460,2019-08-01 20:00:00+00:00,10520.0,BTCU19 Curncy,10289.027655236305,0.0338359972490952,0.0297151143268992
461,2019-07-31 20:00:00+00:00,10170.0,BTCU19 Curncy,9987.78590442622,0.038591609212429,0.0396393753111825
462,2019-07-30 20:00:00+00:00,9785.0,BTCU19 Curncy,9599.620453484862,0.0201297119526926,0.0123226285145867
463,2019-07-29 20:00:00+00:00,9590.0,BTCU19 Curncy,9482.053749840095,-0.0503282825108281,-0.0381828218169775
464,2019-07-26 20:00:00+00:00,10085.0,BTCU19 Curncy,9851.10621430817,0.0139792591002395,-0.0009160176089899
465,2019-07-25 20:00:00+00:00,9945.0,BTCQ19 Curncy,9860.13413530454,0.0177534462512442,0.021597467918205
466,2019-07-24 20:00:00+00:00,9770.0,BTCQ19 Curncy,9649.463371079328,-0.0557358170768557,-0.0498432160348205
467,2019-07-23 20:00:00+00:00,10330.0,BTCQ19 Curncy,10142.611614023372,0.0,-0.0010672918419022
468,2019-07-22 20:00:00+00:00,10330.0,BTCQ19 Curncy,10153.442519494993,-0.0262733048850986,-0.0237595648772621
469,2019-07-19 20:00:00+00:00,10605.0,BTCQ19 Curncy,10397.572623766731,-0.0084507545177232,-0.009692190242277
470,2019-07-18 20:00:00+00:00,10695.0,BTCQ19 Curncy,10498.837823761529,0.0772415853938247,0.0753742666399108
471,2019-07-17 20:00:00+00:00,9900.0,BTCQ19 Curncy,9736.58364455616,0.0116841562925047,0.0047691337658157
472,2019-07-16 20:00:00+00:00,9785.0,BTCQ19 Curncy,9690.259126447794,-0.1184073794062668,-0.1129636767856073
473,2019-07-15 20:00:00+00:00,11015.0,BTCQ19 Curncy,10849.129474104431,-0.0701119303845646,-0.0672568222339991
474,2019-07-12 20:00:00+00:00,11815.0,BTCQ19 Curncy,11603.904846906096,0.0025423742507767,0.0029281129073603
475,2019-07-11 20:00:00+00:00,11785.0,BTCQ19 Curncy,11569.976999872502,-0.0488507720666595,-0.0419303292092973
476,2019-07-10 20:00:00+00:00,12375.0,BTCQ19 Curncy,12065.424495492009,-0.0403855356495744,-0.0352221856056682
477,2019-07-09 20:00:00+00:00,12885.0,BTCQ19 Curncy,12497.967962679417,0.0251486731087728,0.0239763643853283
478,2019-07-08 20:00:00+00:00,12565.0,BTCQ19 Curncy,12201.87591840535,0.0977405082979078,0.0919521835455463
479,2019-07-05 20:00:00+00:00,11395.0,BTCQ19 Curncy,11129.92604016572,-0.0065602684436317,-0.0116184287998348
480,2019-07-03 20:00:00+00:00,11470.0,BTCQ19 Curncy,11259.992413749049,0.0354961844207337,0.0426038692959976
481,2019-07-02 20:00:00+00:00,11070.0,BTCQ19 Curncy,10790.348527060569,0.0566802880837686,0.0509580070327179
482,2019-07-01 20:00:00+00:00,10460.0,BTCQ19 Curncy,10254.268651003502,-0.1873281234562442,-0.185653900766891
483,2019-06-28 20:00:00+00:00,12615.0,BTCQ19 Curncy,12346.195678777009,0.1283920257084637,0.1248693394803333
484,2019-06-27 20:00:00+00:00,11095.0,BTCN19 Curncy,10896.903147239153,-0.2428666483689733,-0.2448360218494617
485,2019-06-26 20:00:00+00:00,14145.0,BTCN19 Curncy,13919.83297322113,0.1953434079992754,0.2008375420311799
486,2019-06-25 20:00:00+00:00,11635.0,BTCN19 Curncy,11387.054201388484,0.0457222493380951,0.0400316791733869
487,2019-06-24 20:00:00+00:00,11115.0,BTCN19 Curncy,10940.214837296731,0.1017184331525767,0.0998736476973617
488,2019-06-21 20:00:00+00:00,10040.0,BTCN19 Curncy,9900.366601229423,0.0375488047983802,0.0399336394391147
489,2019-06-20 20:00:00+00:00,9670.0,BTCN19 Curncy,9512.798927924649,0.0465692609504422,0.0394291794982494
490,2019-06-19 20:00:00+00:00,9230.0,BTCN19 Curncy,9145.01541941539,0.0103458586847907,0.0080049683484871
491,2019-06-18 20:00:00+00:00,9135.0,BTCN19 Curncy,9072.102084260458,-0.0269994802085021,-0.0240824821417291
492,2019-06-17 20:00:00+00:00,9385.0,BTCN19 Curncy,9293.232821958583,0.1043546876879285,0.1018607385193905
493,2019-06-14 20:00:00+00:00,8455.0,BTCN19 Curncy,8393.232641388098,0.0197080132033399,0.0199531867171912
494,2019-06-13 20:00:00+00:00,8290.0,BTCN19 Curncy,8227.420643397945,0.0103062446051494,0.0087303645472121
495,2019-06-12 20:00:00+00:00,8205.0,BTCN19 Curncy,8155.904895412448,0.0347214047787099,0.0342547832596984
496,2019-06-11 20:00:00+00:00,7925.0,BTCN19 Curncy,7881.256998264986,-0.011292466298172,-0.0098819068813902
497,2019-06-10 20:00:00+00:00,8015.0,BTCN19 Curncy,7959.524927305609,0.0,-0.0001448792305642
498,2019-06-07 20:00:00+00:00,8015.0,BTCN19 Curncy,7960.678180691948,0.0505384163629613,0.0469553746339935
499,2019-06-06 20:00:00+00:00,7620.0,BTCN19 Curncy,7595.521673842699,-0.0291000164864409,-0.0251956763344573
500,2019-06-05 20:00:00+00:00,7845.0,BTCN19 Curncy,7789.327258353805,0.0271334475144002,0.0211304507734369
501,2019-06-04 20:00:00+00:00,7635.0,BTCN19 Curncy,7626.462029853383,-0.125971783903748,-0.1161359411864201
502,2019-06-03 20:00:00+00:00,8660.0,BTCN19 Curncy,8565.649723949242,0.012198815230187,0.0142780239481054
503,2019-05-31 20:00:00+00:00,8555.0,BTCN19 Curncy,8444.218136549276,-0.014505621328102,-0.020653956260089
504,2019-05-30 20:00:00+00:00,8680.0,BTCM19 Curncy,8620.438205013346,-0.0086034370655564,-0.0079652505058503
505,2019-05-29 20:00:00+00:00,8755.0,BTCM19 Curncy,8689.37634508146,-0.0022818036141143,-0.0003636960832393
506,2019-05-28 20:00:00+00:00,8775.0,BTCM19 Curncy,8692.537211986573,0.0806601822223309,0.0791430851335042
507,2019-05-24 20:00:00+00:00,8095.0,BTCM19 Curncy,8031.102215051826,0.0345620325723788,0.0330317590503417
508,2019-05-23 20:00:00+00:00,7820.0,BTCM19 Curncy,7770.154292423516,-0.0183723888047921,-0.0189042746016821
509,2019-05-22 20:00:00+00:00,7965.0,BTCM19 Curncy,7918.440629599618,-0.0106151480684601,-0.007887196352203
510,2019-05-21 20:00:00+00:00,8050.0,BTCM19 Curncy,7981.141869100075,0.0251585596361549,0.0216481737804071
511,2019-05-20 20:00:00+00:00,7850.0,BTCM19 Curncy,7810.221455369821,0.0871271914549859,0.0893312680444253
512,2019-05-17 20:00:00+00:00,7195.0,BTCM19 Curncy,7142.779960369742,-0.0928433073682742,-0.0929066413815789
513,2019-05-16 20:00:00+00:00,7895.0,BTCM19 Curncy,7838.195892646747,-0.041556366981373,-0.0407016502363656
514,2019-05-15 20:00:00+00:00,8230.0,BTCM19 Curncy,8163.804861804258,0.0555872094030167,0.0513775132022016
515,2019-05-14 20:00:00+00:00,7785.0,BTCM19 Curncy,7754.961477547739,-0.0203439947027176,-0.0159821160608635
516,2019-05-13 20:00:00+00:00,7945.0,BTCM19 Curncy,7879.897886681142,0.2225144226366485,0.2113838713160064
517,2019-05-10 20:00:00+00:00,6360.0,BTCM19 Curncy,6378.487969717733,0.0491440003469751,0.0486459354748396
518,2019-05-09 20:00:00+00:00,6055.0,BTCM19 Curncy,6075.626663863481,0.0267798430157213,0.0111239943541026
519,2019-05-08 20:00:00+00:00,5895.0,BTCM19 Curncy,6008.415946051063,0.0093737371491985,0.0254997253779506
520,2019-05-07 20:00:00+00:00,5840.0,BTCM19 Curncy,5857.139934844742,0.0172715865086607,0.0083359017289594
521,2019-05-06 20:00:00+00:00,5740.0,BTCM19 Curncy,5808.518325960091,0.0113886469640085,0.0049351751587416
522,2019-05-03 20:00:00+00:00,5675.0,BTCM19 Curncy,5779.922890389426,0.0524532527591144,0.0518864180967322
523,2019-05-02 20:00:00+00:00,5385.0,BTCM19 Curncy,5487.670912682976,0.0177990647381439,0.0240203930878406
524,2019-05-01 20:00:00+00:00,5290.0,BTCM19 Curncy,5357.425436344985,0.0114069677933763,0.0166419463384001
525,2019-04-30 20:00:00+00:00,5230.0,BTCM19 Curncy,5269.0052325521865,0.0173581986097577,-0.0147437680008477
526,2019-04-29 20:00:00+00:00,5140.0,BTCM19 Curncy,5347.265732951631,0.0117418178766831,0.0335903164115918
527,2019-04-26 20:00:00+00:00,5080.0,BTCM19 Curncy,5170.632574641261,-0.0776169939310487,-0.0577479968324912
528,2019-04-25 20:00:00+00:00,5490.0,BTCK19 Curncy,5478.016225258052,0.0100687349482665,0.0074401384486544
529,2019-04-24 20:00:00+00:00,5435.0,BTCK19 Curncy,5437.410270395114,-0.0299070771679307,-0.0281934608266207
530,2019-04-23 20:00:00+00:00,5600.0,BTCK19 Curncy,5592.891157193464,0.0372939990310054,0.0387180835712725
531,2019-04-22 20:00:00+00:00,5395.0,BTCK19 Curncy,5380.483669558289,0.0187096196567282,0.0186430000918624
532,2019-04-18 20:00:00+00:00,5295.0,BTCK19 Curncy,5281.104552799719,0.0123517009765381,0.0089198909747567
533,2019-04-17 20:00:00+00:00,5230.0,BTCK19 Curncy,5234.207146783586,0.0057526524894498,0.0088649576422292
534,2019-04-16 20:00:00+00:00,5200.0,BTCK19 Curncy,5188.011187283717,0.0362252041734828,0.0346409049839076
535,2019-04-15 20:00:00+00:00,5015.0,BTCK19 Curncy,5011.37093730584,-0.0099207162867478,-0.0098822437014417
536,2019-04-12 20:00:00+00:00,5065.0,BTCK19 Curncy,5061.140036337701,-0.0029571238897438,0.0019710052701705
537,2019-04-11 20:00:00+00:00,5080.0,BTCK19 Curncy,5051.174327111993,-0.0638616188625633,-0.0651131883949937
538,2019-04-10 20:00:00+00:00,5415.0,BTCK19 Curncy,5391.016432880233,0.0366754785584065,0.0338537568889607
539,2019-04-09 20:00:00+00:00,5220.0,BTCK19 Curncy,5211.5649648011295,0.0019175461292718,0.0006313834209174
540,2019-04-08 20:00:00+00:00,5210.0,BTCK19 Curncy,5208.275507648952,0.0381464343513766,0.0371876627659838
541,2019-04-05 20:00:00+00:00,5015.0,BTCK19 Curncy,5018.149004953491,0.0365522925086412,0.0378462289919729
542,2019-04-04 20:00:00+00:00,4835.0,BTCK19 Curncy,4831.77991693536,-0.0611719505618161,-0.063194635369997
543,2019-04-03 20:00:00+00:00,5140.0,BTCK19 Curncy,5146.976979078703,0.0747067745668238,0.0768042920471959
544,2019-04-02 20:00:00+00:00,4770.0,BTCK19 Curncy,4766.466505801443,0.1452802851136054,0.1429036206079331
545,2019-04-01 20:00:00+00:00,4125.0,BTCK19 Curncy,4131.752434756017,0.0121952730938182,0.0112553660560287
546,2019-03-29 20:00:00+00:00,4075.0,BTCK19 Curncy,4085.5087814631247,0.0173271661725035,0.0180060763150211
547,2019-03-28 20:00:00+00:00,4005.0,BTCJ19 Curncy,4012.603140595913,0.0,-0.0018981112401997
548,2019-03-27 20:00:00+00:00,4005.0,BTCJ19 Curncy,4020.226740651141,0.0252857972286731,0.0230763843776573
549,2019-03-26 20:00:00+00:00,3905.0,BTCJ19 Curncy,3928.5166811377744,0.0038486256612944,2.183661894142421e-05
550,2019-03-25 20:00:00+00:00,3890.0,BTCJ19 Curncy,3928.4308965526297,-0.0228726616659914,-0.0156923744875713
551,2019-03-22 20:00:00+00:00,3980.0,BTCJ19 Curncy,3990.5635346307176,0.005037794029957,0.0046934403698113
552,2019-03-21 20:00:00+00:00,3960.0,BTCJ19 Curncy,3971.87794678624,-0.0125472160520886,-0.0118018914019239
553,2019-03-20 20:00:00+00:00,4010.0,BTCJ19 Curncy,4019.031321167284,0.0050000104167058,0.0047846972375843
554,2019-03-19 20:00:00+00:00,3990.0,BTCJ19 Curncy,3999.8474043227234,0.0075472056353829,0.0085849182569467
555,2019-03-18 20:00:00+00:00,3960.0,BTCJ19 Curncy,3965.656016445551,0.0152674721307883,0.0158711866605215
556,2019-03-15 20:00:00+00:00,3900.0,BTCJ19 Curncy,3903.2131812688767,0.0155041865359652,0.0126450396940156
557,2019-03-14 20:00:00+00:00,3840.0,BTCJ19 Curncy,3854.167640579885,0.001302931780416,-0.0001099660596155
558,2019-03-13 20:00:00+00:00,3835.0,BTCJ19 Curncy,3854.591491512598,0.0,-0.000347662126237
559,2019-03-12 20:00:00+00:00,3835.0,BTCJ19 Curncy,3855.931819963532,0.0,0.0036633318062309
560,2019-03-11 20:00:00+00:00,3835.0,BTCJ19 Curncy,3841.832104021914,-0.0142397228111353,-0.0137756457260141
561,2019-03-08 21:00:00+00:00,3890.0,BTCJ19 Curncy,3895.122030876221,0.0064474755909697,0.0061744927595077
562,2019-03-07 21:00:00+00:00,3865.0,BTCJ19 Curncy,3871.145725035978,0.0064893154397498,0.0081413225502408
563,2019-03-06 21:00:00+00:00,3840.0,BTCJ19 Curncy,3839.757423563593,0.0026075634070807,-0.0045423436801745
564,2019-03-05 21:00:00+00:00,3830.0,BTCJ19 Curncy,3857.2385941149687,0.0358842487923895,0.0377643601444672
565,2019-03-04 21:00:00+00:00,3695.0,BTCJ19 Curncy,3714.288641986503,-0.0332698682183186,-0.0304088549872907
566,2019-03-01 21:00:00+00:00,3820.0,BTCJ19 Curncy,3828.970745346108,0.0078844035241488,0.006645756676799
567,2019-02-28 21:00:00+00:00,3790.0,BTCH19 Curncy,3803.6087057669815,0.0213341424749911,0.0190701436213334
568,2019-02-27 21:00:00+00:00,3710.0,BTCH19 Curncy,3731.760595762911,-0.0173685060816442,-0.016242726035684
569,2019-02-26 21:00:00+00:00,3775.0,BTCH19 Curncy,3792.869504880444,-0.0118500399174958,-0.009535139552409
570,2019-02-25 21:00:00+00:00,3820.0,BTCH19 Curncy,3829.208015979789,-0.028389003262686,-0.0272576043909787
571,2019-02-22 21:00:00+00:00,3930.0,BTCH19 Curncy,3935.018573211789,0.007662872745569,0.0094056443254739
572,2019-02-21 21:00:00+00:00,3900.0,BTCH19 Curncy,3898.1807016318935,-0.0102041701742417,-0.0097520333414615
573,2019-02-20 21:00:00+00:00,3940.0,BTCH19 Curncy,3936.381856522808,0.0012698414404759,-0.0009035239381476
574,2019-02-19 21:00:00+00:00,3935.0,BTCH19 Curncy,3939.940078987389,0.1015558186141624,0.0983989307392038
575,2019-02-15 21:00:00+00:00,3555.0,BTCH19 Curncy,3570.717600288257,0.0,0.0006788357261822
576,2019-02-14 21:00:00+00:00,3555.0,BTCH19 Curncy,3568.2944921523103,0.0,-0.0009130587877931
577,2019-02-13 21:00:00+00:00,3555.0,BTCH19 Curncy,3571.554042649966,-0.0111889279178058,-0.0191486181464992
578,2019-02-12 21:00:00+00:00,3595.0,BTCH19 Curncy,3640.6033568335374,0.0,0.0093173704735348
579,2019-02-11 21:00:00+00:00,3595.0,BTCH19 Curncy,3606.840043518637,-0.0027777795639023,-0.0075439253523805
580,2019-02-08 21:00:00+00:00,3605.0,BTCH19 Curncy,3634.152668234091,0.0793494667445599,0.0741801577499843
581,2019-02-07 21:00:00+00:00,3330.0,BTCH19 Curncy,3374.3267482088795,0.001502629884535,-0.0077933838664401
582,2019-02-06 21:00:00+00:00,3325.0,BTCH19 Curncy,3400.726911530196,-0.0193602472845414,-0.0186403407775568
583,2019-02-05 21:00:00+00:00,3390.0,BTCH19 Curncy,3464.7121204083523,0.0029542118974313,0.004207331222479
584,2019-02-04 21:00:00+00:00,3380.0,BTCH19 Curncy,3450.165551502192,-0.0103017835278259,-0.0030735604725297
585,2019-02-01 21:00:00+00:00,3415.0,BTCH19 Curncy,3460.7861571409453,0.0058737320120939,0.0060001325096719
586,2019-01-31 21:00:00+00:00,3395.0,BTCG19 Curncy,3440.0831541029647,-0.0044085302847659,0.0006511117548925
587,2019-01-30 21:00:00+00:00,3410.0,BTCG19 Curncy,3437.844004570918,0.011799546931155,0.009202436031621
588,2019-01-29 21:00:00+00:00,3370.0,BTCG19 Curncy,3406.352586150742,-0.002962965130657,-0.0032746254181126
589,2019-01-28 21:00:00+00:00,3380.0,BTCG19 Curncy,3417.525398315762,-0.036314810991626,-0.0388848233673019
590,2019-01-25 21:00:00+00:00,3505.0,BTCG19 Curncy,3553.032786373716,-0.0042704691234523,-0.0051776550328828
591,2019-01-24 21:00:00+00:00,3520.0,BTCG19 Curncy,3571.4768718137443,0.0042704691234522,0.0104742335851043
592,2019-01-23 21:00:00+00:00,3505.0,BTCG19 Curncy,3534.263619185021,-0.0155700243773856,-0.0157168730901168
593,2019-01-22 21:00:00+00:00,3560.0,BTCG19 Curncy,3590.2500049391338,0.0,-0.0052914270464693
594,2019-01-18 21:00:00+00:00,3560.0,BTCG19 Curncy,3609.2979017532434,-0.0083916576362484,-2.1822151862523755e-05
595,2019-01-17 21:00:00+00:00,3590.0,BTCG19 Curncy,3609.376665259564,0.0126140425160966,0.0049126008132395
596,2019-01-16 21:00:00+00:00,3545.0,BTCG19 Curncy,3591.688720996078,0.0042402890388854,0.0063436758242816
597,2019-01-15 21:00:00+00:00,3530.0,BTCG19 Curncy,3568.976328283012,-0.032058494515416,-0.0233569300579932
598,2019-01-14 21:00:00+00:00,3645.0,BTCG19 Curncy,3653.31780341658,0.0068823396229417,0.0082515795224201
599,2019-01-11 21:00:00+00:00,3620.0,BTCG19 Curncy,3623.296194232631,0.0069300346646696,0.0048114245141842
600,2019-01-10 21:00:00+00:00,3595.0,BTCG19 Curncy,3605.904850221512,-0.1017378281233362,-0.0986150166780568
601,2019-01-09 21:00:00+00:00,3980.0,BTCG19 Curncy,3979.625640094173,0.0012570711900511,-0.0045805680517669
602,2019-01-08 21:00:00+00:00,3975.0,BTCG19 Curncy,3997.896399441647,0.0012586534071961,-0.006990269434572
603,2019-01-07 21:00:00+00:00,3970.0,BTCG19 Curncy,4025.940676776692,0.0623578610433749,0.0350746993989022
604,2019-01-04 21:00:00+00:00,3730.0,BTCG19 Curncy,3887.1797421915576,-0.0040133833134586,0.0112263225160869
605,2019-01-03 21:00:00+00:00,3745.0,BTCG19 Curncy,3843.785045908683,-0.0185190477672375,-0.0319519847053242
606,2019-01-02 21:00:00+00:00,3815.0,BTCG19 Curncy,3968.584789187858,0.0483315537509377,0.0762676189915129
607,2018-12-31 21:00:00+00:00,3635.0,BTCG19 Curncy,3677.1644889813183,-0.0561644919721245,-0.0859648404651664
608,2018-12-28 21:00:00+00:00,3845.0,BTCG19 Curncy,4007.256234568669,0.0812354429735165,0.1089489971641899
609,2018-12-27 21:00:00+00:00,3545.0,BTCF19 Curncy,3593.611835967672,-0.0575501252320072,-0.0590940440752071
610,2018-12-26 21:00:00+00:00,3755.0,BTCF19 Curncy,3812.3729746577046,-0.0780946883975432,-0.0568179225315618
611,2018-12-24 21:00:00+00:00,4060.0,BTCF19 Curncy,4035.256004925403,0.0754351123617843,0.0607870302130128
612,2018-12-21 21:00:00+00:00,3765.0,BTCF19 Curncy,3797.271245819219,-0.0275066457898335,-0.0397802883774828
613,2018-12-20 21:00:00+00:00,3870.0,BTCF19 Curncy,3951.3725673219815,0.0489839814003906,0.0587386350799876
614,2018-12-19 21:00:00+00:00,3685.0,BTCF19 Curncy,3725.959374497908,0.0543687894269641,0.059677973661121
615,2018-12-18 21:00:00+00:00,3490.0,BTCF19 Curncy,3510.1065572604107,-0.0113961347308695,-0.0127296742689955
616,2018-12-17 21:00:00+00:00,3530.0,BTCF19 Curncy,3555.074677912852,0.1186686968603214,0.0835924701855652
617,2018-12-14 21:00:00+00:00,3135.0,BTCF19 Curncy,3269.979119105917,-0.0236417630570404,-0.0010557852511968
618,2018-12-13 21:00:00+00:00,3210.0,BTCF19 Curncy,3273.433337967392,-0.0604413541535008,-0.0634718660963682
619,2018-12-12 21:00:00+00:00,3410.0,BTCF19 Curncy,3487.939813666928,0.0297641019064538,0.0308562555845185
